xxxxxxxxxxxxxxxxxxxxxxxxxxxxxxxx
11111111111111111111110011100000
11111111111111111111101010110000
00000000000000000000000101100000
00000000000000000000011011110000
00000000000000000000001000000000
11111111111111111111111010110000
00000000000000000000100011000000
00000000000000000001000000000000
00000000000000000001001001000000
00000000000000000001000010110000
00000000000000000001000100010000
00000000000000000001011011010000
00000000000000000001101010010000
00000000000000000001011011000000
00000000000000000001011101000000
00000000000000000001011010100000
00000000000000000001000101000000
00000000000000000000110110110000
00000000000000000000111100100000
00000000000000000001000001110000
00000000000000000000111100110000
00000000000000000000110100110000
00000000000000000000101101100000
00000000000000000001001011010000
00000000000000000001111011010000
00000000000000000010001001010000
00000000000000000010011111000000
00000000000000000010101110000000
00000000000000000010111101100000
00000000000000000010111000110000
00000000000000000010101110100000
00000000000000000010110101010000
00000000000000000011000011000000
00000000000000000011001100010000
00000000000000000011100001100000
00000000000000000011100110110000
00000000000000000011100010000000
00000000000000000011011011100000
00000000000000000010111101110000
00000000000000000010110111100000
00000000000000000010111110100000
00000000000000000010111101110000
00000000000000000011101001000000
00000000000000000011111001110000
00000000000000000011101000000000
00000000000000000011100010000000
00000000000000000011010001110000
00000000000000000011001111100000
00000000000000000011100001100000
00000000000000000011100111100000
00000000000000000011101110010000
00000000000000000011110101000000
00000000000000000011111111110000
00000000000000000100011011000000
00000000000000000100100101110000
00000000000000000100010010100000
00000000000000000100010110010000
00000000000000000100100010110000
00000000000000000100100001100000
00000000000000000100010001110000
00000000000000000100011000110000
00000000000000000100011111100000
00000000000000000100011001100000
00000000000000000100010111100000
00000000000000000100000111110000
00000000000000000011111101100000
00000000000000000100001101010000
00000000000000000100011000000000
00000000000000000100001001000000
00000000000000000100000011100000
00000000000000000100000111000000
00000000000000000100001111010000
00000000000000000100001000110000
00000000000000000011101000010000
00000000000000000011000111010000
00000000000000000011000110010000
00000000000000000010101111100000
00000000000000000010011001000000
00000000000000000010100101000000
00000000000000000010111101110000
00000000000000000011010010010000
00000000000000000011001110100000
00000000000000000011010001110000
00000000000000000011110011110000
00000000000000000100001100000000
00000000000000000100000100010000
00000000000000000011110110110000
00000000000000000011110111100000
00000000000000000011111101100000
00000000000000000011101010110000
00000000000000000011010100110000
00000000000000000011001011000000
00000000000000000010110011100000
00000000000000000010110001100000
00000000000000000011001101010000
00000000000000000011100110110000
00000000000000000011101110100000
00000000000000000011101111110000
00000000000000000011001001100000
00000000000000000010111110010000
00000000000000000010111101000000
00000000000000000010010011010000
00000000000000000010001010100000
00000000000000000010001100010000
00000000000000000001101100000000
00000000000000000001101100100000
00000000000000000001110000000000
00000000000000000001111011100000
00000000000000000010000011100000
00000000000000000010000000010000
00000000000000000010010111110000
00000000000000000010100001010000
00000000000000000010100100110000
00000000000000000010011100100000
00000000000000000001110101010000
00000000000000000001110000110000
00000000000000000001110111000000
00000000000000000001110010100000
00000000000000000001100101110000
00000000000000000001010101100000
00000000000000000001000011010000
00000000000000000001000000010000
00000000000000000000100001000000
00000000000000000000001010010000
00000000000000000000001010010000
00000000000000000000001001010000
00000000000000000000000110010000
11111111111111111111110110100000
11111111111111111111010000110000
11111111111111111111001001010000
11111111111111111110111100110000
11111111111111111110110110000000
11111111111111111111000110010000
11111111111111111111001100010000
11111111111111111110111111100000
11111111111111111111000000000000
11111111111111111111000001110000
11111111111111111111000011110000
11111111111111111111010010110000
11111111111111111111001100110000
11111111111111111110110110010000
11111111111111111110111000110000
11111111111111111110110100100000
11111111111111111110101011010000
11111111111111111110110100010000
11111111111111111110101011000000
11111111111111111110110000000000
11111111111111111110111101110000
11111111111111111110100010010000
11111111111111111110100011000000
11111111111111111110101011110000
11111111111111111110101000110000
11111111111111111110110111110000
11111111111111111110110000000000
11111111111111111110010111000000
11111111111111111110010111110000
11111111111111111110001110100000
11111111111111111110010010110000
11111111111111111110011011010000
11111111111111111110001001010000
11111111111111111101010010000000
11111111111111111100111100000000
11111111111111111101000000010000
11111111111111111100111011100000
11111111111111111100100111000000
11111111111111111100010111110000
11111111111111111100011111010000
11111111111111111100110101110000
11111111111111111100100110010000
11111111111111111100010010100000
11111111111111111100011000100000
11111111111111111100101101000000
11111111111111111100111101100000
11111111111111111100110000010000
11111111111111111100101001000000
11111111111111111100110100100000
11111111111111111100101100000000
11111111111111111100100101100000
11111111111111111100100111110000
11111111111111111100101110010000
11111111111111111100101101010000
11111111111111111100100110100000
11111111111111111100101100010000
11111111111111111100100010100000
11111111111111111100010100000000
11111111111111111100001001110000
11111111111111111100000011000000
11111111111111111100000100110000
11111111111111111011111010110000
11111111111111111011110100010000
11111111111111111011111010100000
11111111111111111100000101100000
11111111111111111100011101000000
11111111111111111100011011000000
11111111111111111011110110010000
11111111111111111011111010100000
11111111111111111100000111100000
11111111111111111100000000100000
11111111111111111100010110110000
11111111111111111100011100100000
11111111111111111100010100110000
11111111111111111100011111100000
11111111111111111100011110110000
11111111111111111100101000000000
11111111111111111100111101000000
11111111111111111101000001110000
11111111111111111100101110110000
11111111111111111100100011010000
11111111111111111101011011000000
11111111111111111101101111100000
11111111111111111101010011000000
11111111111111111101000001100000
11111111111111111100100001000000
11111111111111111100011001010000
11111111111111111101000000100000
11111111111111111100110100110000
11111111111111111100010100010000
11111111111111111100101001010000
11111111111111111101001100000000
11111111111111111101101001110000
11111111111111111101111010000000
11111111111111111110000000100000
11111111111111111110001110100000
11111111111111111110001101010000
11111111111111111110001110010000
11111111111111111110001101100000
11111111111111111110010101000000
11111111111111111110001001000000
11111111111111111110001010000000
11111111111111111110010001100000
11111111111111111101111110110000
11111111111111111101110111110000
11111111111111111101111000000000
11111111111111111101111111010000
11111111111111111110000110110000
11111111111111111101111111010000
11111111111111111110011001110000
11111111111111111110100100100000
11111111111111111110001011000000
11111111111111111110000100010000
11111111111111111110011100110000
11111111111111111110101010110000
11111111111111111111000010010000
11111111111111111111010001110000
11111111111111111110111011000000
11111111111111111110111111000000
11111111111111111111100011010000
11111111111111111111101100000000
11111111111111111111110100010000
11111111111111111111101001100000
11111111111111111111011011000000
11111111111111111111100100100000
11111111111111111111111000010000
11111111111111111111101011110000
11111111111111111111110000100000
11111111111111111111111111010000
00000000000000000000000100000000
00000000000000000000001001110000
00000000000000000000001011000000
00000000000000000000010011010000
00000000000000000000100001100000
00000000000000000000011001100000
00000000000000000000010111100000
00000000000000000000100000010000
00000000000000000000010111100000
00000000000000000000010110110000
00000000000000000001001101000000
00000000000000000001100101110000
00000000000000000001011111110000
00000000000000000001011001110000
00000000000000000001010011110000
00000000000000000001011011010000
00000000000000000001111010000000
00000000000000000001111011100000
00000000000000000001110100100000
00000000000000000010000011100000
00000000000000000010010101010000
00000000000000000010011011100000
00000000000000000010100101000000
00000000000000000010100000000000
00000000000000000010001100000000
00000000000000000010010010110000
00000000000000000010101001110000
00000000000000000011000001100000
00000000000000000011101110110000
00000000000000000011111000000000
00000000000000000011111000010000
00000000000000000011111011110000
00000000000000000100000110100000
00000000000000000011111011100000
00000000000000000011010011000000
00000000000000000011000001010000
00000000000000000011001010100000
00000000000000000011010001010000
00000000000000000011010001010000
00000000000000000011011110100000
00000000000000000100000100100000
00000000000000000100101011010000
00000000000000000100110001100000
00000000000000000100100011000000
00000000000000000100111111100000
00000000000000000101010000010000
00000000000000000101010001000000
00000000000000000101010101000000
00000000000000000101001110000000
00000000000000000101010010100000
00000000000000000101010100000000
00000000000000000100110001000000
00000000000000000011110100110000
00000000000000000011001010110000
00000000000000000010101100110000
00000000000000000010101001010000
00000000000000000011000001100000
00000000000000000011001110110000
00000000000000000011010100100000
00000000000000000011101000000000
00000000000000000100000001000000
00000000000000000100011010110000
00000000000000000100110111010000
00000000000000000100111011100000
00000000000000000100111101110000
00000000000000000100111100110000
00000000000000000100010110000000
00000000000000000011110111000000
00000000000000000011101110110000
00000000000000000011100100000000
00000000000000000011001100000000
00000000000000000011000000010000
00000000000000000010111110100000
00000000000000000011001001110000
00000000000000000011010100010000
00000000000000000011010001110000
00000000000000000010111110100000
00000000000000000010111100110000
00000000000000000010110110100000
00000000000000000010110111010000
00000000000000000011000100000000
00000000000000000011000010100000
00000000000000000010111100000000
00000000000000000010111001100000
00000000000000000010101010100000
00000000000000000010010011110000
00000000000000000010000011000000
00000000000000000001111111110000
00000000000000000010001001010000
00000000000000000010001111000000
00000000000000000010010000110000
00000000000000000010100100110000
00000000000000000010111100010000
00000000000000000011001000010000
00000000000000000010111110000000
00000000000000000010111001000000
00000000000000000011000001110000
00000000000000000011000100100000
00000000000000000010110110010000
00000000000000000010100111000000
00000000000000000010011110100000
00000000000000000010101001000000
00000000000000000010011110100000
00000000000000000001110100000000
00000000000000000001000011100000
00000000000000000000111110110000
00000000000000000001001100000000
00000000000000000000111010110000
00000000000000000000110010010000
00000000000000000001001101110000
00000000000000000001110100010000
00000000000000000001111000100000
00000000000000000001100111110000
00000000000000000001101011100000
00000000000000000001110011100000
00000000000000000001111110000000
00000000000000000010001000000000
00000000000000000010000101010000
00000000000000000001100110100000
00000000000000000001011001110000
00000000000000000001001100110000
00000000000000000000110000010000
00000000000000000000100000110000
00000000000000000000010010100000
11111111111111111111101010010000
11111111111111111111011110010000
11111111111111111111100011110000
11111111111111111111110000100000
11111111111111111111111000110000
11111111111111111111111010110000
00000000000000000000000110110000
00000000000000000000011101000000
00000000000000000000011001000000
00000000000000000000000101000000
11111111111111111111110010110000
11111111111111111111100010110000
11111111111111111111001010010000
11111111111111111110110100010000
11111111111111111110100111010000
11111111111111111110100011100000
11111111111111111110011001110000
11111111111111111110011011100000
11111111111111111110101001010000
11111111111111111110110001000000
11111111111111111110011001110000
11111111111111111110010010110000
11111111111111111110001011010000
11111111111111111101111011110000
11111111111111111101111000010000
11111111111111111101101100110000
11111111111111111101000101010000
11111111111111111100111011100000
11111111111111111100100110000000
11111111111111111100010101110000
11111111111111111100100011010000
11111111111111111100100010000000
11111111111111111100101011010000
11111111111111111100111000010000
11111111111111111100100100110000
11111111111111111100101011110000
11111111111111111101000110100000
11111111111111111100111111000000
11111111111111111100100001000000
11111111111111111100010101000000
11111111111111111100010011000000
11111111111111111100011101000000
11111111111111111100100110010000
11111111111111111100100101110000
11111111111111111100101101000000
11111111111111111100110100010000
11111111111111111100011111100000
11111111111111111100010101000000
11111111111111111100100011010000
11111111111111111100011110000000
11111111111111111100101010010000
11111111111111111100101110010000
11111111111111111100010111000000
11111111111111111100011000010000
11111111111111111100101010110000
11111111111111111100111011000000
11111111111111111101000110110000
11111111111111111100111010110000
11111111111111111100011000000000
11111111111111111100100010100000
11111111111111111100101011110000
11111111111111111100010000010000
11111111111111111100010010000000
11111111111111111100100001000000
11111111111111111100101001000000
11111111111111111100100100110000
11111111111111111100011110110000
11111111111111111100101001110000
11111111111111111100111101000000
11111111111111111100110111000000
11111111111111111100100010110000
11111111111111111100100011110000
11111111111111111100011101000000
11111111111111111100001101100000
11111111111111111011111011100000
11111111111111111011100100110000
11111111111111111011000111010000
11111111111111111011000011110000
11111111111111111011011111110000
11111111111111111011111111110000
11111111111111111011111111100000
11111111111111111100000101110000
11111111111111111100011101110000
11111111111111111100011111110000
11111111111111111100010101010000
11111111111111111011111110100000
11111111111111111100000001000000
11111111111111111100010011010000
11111111111111111100010110110000
11111111111111111100010111110000
11111111111111111100111101110000
11111111111111111101001111010000
11111111111111111101000111110000
11111111111111111101000101110000
11111111111111111101000101000000
11111111111111111101001111110000
11111111111111111101001111110000
11111111111111111101000011100000
11111111111111111101110000100000
11111111111111111110000100010000
11111111111111111110000010110000
11111111111111111110010000000000
11111111111111111110101110100000
11111111111111111111000111010000
11111111111111111111011101010000
11111111111111111111101000100000
11111111111111111111001101110000
11111111111111111110110010000000
11111111111111111110100100010000
11111111111111111110011000100000
11111111111111111110011001010000
11111111111111111110000001010000
11111111111111111101111000110000
11111111111111111110010000000000
11111111111111111110101011000000
11111111111111111110111110110000
11111111111111111111000000110000
11111111111111111111010010010000
11111111111111111111110100110000
11111111111111111111110101110000
11111111111111111111100001100000
11111111111111111111011010010000
00000000000000000000000010010000
00000000000000000000010101110000
00000000000000000000010000100000
00000000000000000000010111100000
00000000000000000000110010100000
00000000000000000001000010000000
00000000000000000001001101110000
00000000000000000001001011100000
00000000000000000001010001110000
00000000000000000001011100110000
00000000000000000001011111110000
00000000000000000001011101100000
00000000000000000001101011100000
00000000000000000001110000110000
00000000000000000001101011010000
00000000000000000001110011100000
00000000000000000010001011100000
00000000000000000010010010100000
00000000000000000010010000100000
00000000000000000010000001110000
00000000000000000001110011100000
00000000000000000001110110000000
00000000000000000001111110010000
00000000000000000010000110100000
00000000000000000010010011100000
00000000000000000010011001110000
00000000000000000010011111100000
00000000000000000010100100100000
00000000000000000010110001010000
00000000000000000010101101010000
00000000000000000011001000110000
00000000000000000011010101100000
00000000000000000011010011100000
00000000000000000011010100010000
00000000000000000011001110010000
00000000000000000011010101110000
00000000000000000011010100010000
00000000000000000011001001010000
00000000000000000010011100000000
00000000000000000010000100100000
00000000000000000010001011100000
00000000000000000010001100010000
00000000000000000010101111000000
00000000000000000011000011110000
00000000000000000011001001000000
00000000000000000011011111010000
00000000000000000011111110010000
00000000000000000100000101100000
00000000000000000100000101100000
00000000000000000100000111000000
00000000000000000100001100110000
00000000000000000100010001100000
00000000000000000100010010010000
00000000000000000100010000100000
00000000000000000100001011110000
00000000000000000011111100000000
00000000000000000011101100100000
00000000000000000011101111100000
00000000000000000011111110000000
00000000000000000011110101100000
00000000000000000011101010100000
00000000000000000011111110000000
00000000000000000100010011100000
00000000000000000100100110000000
00000000000000000100100001010000
00000000000000000100001111000000
00000000000000000011111011100000
00000000000000000011100100010000
00000000000000000011100001000000
00000000000000000011001011100000
00000000000000000010110011100000
00000000000000000011001011110000
00000000000000000011010110110000
00000000000000000011101011010000
00000000000000000100001110010000
00000000000000000100010011010000
00000000000000000100010101010000
00000000000000000100011001110000
00000000000000000100000101110000
00000000000000000011011101010000
00000000000000000010101110000000
00000000000000000010100000000000
00000000000000000010010100110000
00000000000000000010000101000000
00000000000000000010010110010000
00000000000000000010110010010000
00000000000000000011000010100000
00000000000000000011000010100000
00000000000000000010101000100000
00000000000000000010100111110000
00000000000000000010111110010000
00000000000000000010110110110000
00000000000000000010011001000000
00000000000000000010100100010000
00000000000000000010111000000000
00000000000000000010111100110000
00000000000000000011000000110000
00000000000000000011000011000000
00000000000000000010111110110000
00000000000000000010101111110000
00000000000000000010101010110000
00000000000000000010101010010000
00000000000000000010011010100000
00000000000000000010001110110000
00000000000000000010010111000000
00000000000000000010101101100000
00000000000000000010110100100000
00000000000000000010100101010000
00000000000000000010001110010000
00000000000000000010010000100000
00000000000000000010000111110000
00000000000000000001100101110000
00000000000000000001000111000000
00000000000000000001010100110000
00000000000000000001010011110000
00000000000000000001000100100000
00000000000000000001000100010000
00000000000000000001000110110000
00000000000000000001001101110000
00000000000000000000110010010000
00000000000000000000010111000000
00000000000000000000100111100000
00000000000000000000011000010000
00000000000000000000010010110000
00000000000000000000011011110000
00000000000000000000100110100000
00000000000000000000010000110000
11111111111111111111110010110000
11111111111111111111010010010000
11111111111111111110111100000000
11111111111111111111000110010000
11111111111111111111000000100000
11111111111111111110010011110000
11111111111111111110010111110000
11111111111111111110111001110000
11111111111111111111000011110000
11111111111111111110111110110000
11111111111111111110111010110000
11111111111111111110110110010000
11111111111111111110101110100000
11111111111111111110011010110000
11111111111111111110001100000000
11111111111111111110010110110000
11111111111111111110010100000000
11111111111111111110000001010000
11111111111111111110001000110000
11111111111111111110000010010000
11111111111111111101111010000000
11111111111111111101110110110000
11111111111111111101100000100000
11111111111111111101001111010000
11111111111111111101010010010000
11111111111111111100111111110000
11111111111111111101010001100000
11111111111111111101101111010000
11111111111111111101110111000000
11111111111111111101111011000000
11111111111111111101101100110000
11111111111111111101010100100000
11111111111111111101010000000000
11111111111111111101011011100000
11111111111111111101100011010000
11111111111111111101011010100000
11111111111111111101001111110000
11111111111111111100111101010000
11111111111111111100110100110000
11111111111111111100100011100000
11111111111111111100000011110000
11111111111111111011101110010000
11111111111111111011101111110000
11111111111111111011110100010000
11111111111111111011110010000000
11111111111111111011100110000000
11111111111111111011111000000000
11111111111111111011110110000000
11111111111111111011101111000000
11111111111111111100001000110000
11111111111111111100001000110000
11111111111111111011111011000000
11111111111111111011111100100000
11111111111111111100011101000000
11111111111111111100101111010000
11111111111111111100011001110000
11111111111111111100011010000000
11111111111111111100101110000000
11111111111111111100101000100000
11111111111111111100100001110000
11111111111111111100010000000000
11111111111111111100000001100000
11111111111111111100001001000000
11111111111111111100000100000000
11111111111111111100000010000000
11111111111111111100010101000000
11111111111111111100100110000000
11111111111111111100110001100000
11111111111111111100110001010000
11111111111111111100101100110000
11111111111111111100110010110000
11111111111111111101001000010000
11111111111111111101010100110000
11111111111111111101001010110000
11111111111111111101001000110000
11111111111111111101000101000000
11111111111111111101000111110000
11111111111111111101101001100000
11111111111111111101010111000000
11111111111111111100100110100000
11111111111111111100011011100000
11111111111111111100100011010000
11111111111111111100100101000000
11111111111111111100011101000000
11111111111111111100011000110000
11111111111111111100011111110000
11111111111111111100110111000000
11111111111111111101000000010000
11111111111111111101000000010000
11111111111111111101001110100000
11111111111111111101010110010000
11111111111111111101010111110000
11111111111111111101001101100000
11111111111111111101010001010000
11111111111111111101011010100000
11111111111111111101110111010000
11111111111111111110000111000000
11111111111111111110000100110000
11111111111111111110000010000000
11111111111111111101101011110000
11111111111111111101100111110000
11111111111111111101111011000000
11111111111111111101111101010000
11111111111111111110010100010000
11111111111111111110111011010000
11111111111111111110111100110000
11111111111111111110111011110000
11111111111111111111000100110000
11111111111111111110110011100000
11111111111111111111000100010000
11111111111111111110110110100000
11111111111111111110011011010000
11111111111111111110100100000000
11111111111111111111001010000000
11111111111111111111010110110000
11111111111111111111001000010000
11111111111111111111000100100000
11111111111111111111001111010000
11111111111111111111001111000000
11111111111111111111100011010000
11111111111111111111111101000000
00000000000000000000001000110000
00000000000000000000010011000000
00000000000000000000011001000000
00000000000000000000011110010000
00000000000000000000111000100000
00000000000000000000110111100000
00000000000000000000100110000000
00000000000000000000011101010000
00000000000000000000011011110000
00000000000000000000101011010000
00000000000000000001000001000000
00000000000000000000110110100000
00000000000000000000111001010000
00000000000000000001000110110000
00000000000000000001011011010000
00000000000000000001100011110000
00000000000000000001001101000000
00000000000000000001010010000000
00000000000000000001101010110000
00000000000000000001101110100000
00000000000000000010000011110000
00000000000000000010000010100000
00000000000000000001101110010000
00000000000000000001100111110000
00000000000000000001111000110000
00000000000000000001111100100000
00000000000000000001111111010000
00000000000000000010000010100000
00000000000000000001111000000000
00000000000000000010001011000000
00000000000000000010101101010000
00000000000000000011000010100000
00000000000000000011010101010000
00000000000000000011011010010000
00000000000000000011011011010000
00000000000000000011100101000000
00000000000000000011101011000000
00000000000000000011010000100000
00000000000000000010110110000000
00000000000000000010110100000000
00000000000000000010110110010000
00000000000000000010110111010000
00000000000000000010100110110000
00000000000000000010100011110000
00000000000000000011001101000000
00000000000000000011011101110000
00000000000000000011100000000000
00000000000000000011011111100000
00000000000000000011011001110000
00000000000000000011110111000000
00000000000000000100010110010000
00000000000000000100001011010000
00000000000000000100010010010000
00000000000000000100010110010000
00000000000000000100000001110000
00000000000000000011111011000000
00000000000000000011111101110000
00000000000000000100000101100000
00000000000000000100000010100000
00000000000000000011101111000000
00000000000000000011011010100000
00000000000000000011010101100000
00000000000000000011110010100000
00000000000000000011101010010000
00000000000000000010111111110000
00000000000000000010111101110000
00000000000000000011100101100000
00000000000000000100000001100000
00000000000000000100010110100000
00000000000000000100011011100000
00000000000000000100100111000000
00000000000000000101000010100000
00000000000000000100111110010000
00000000000000000100110110010000
00000000000000000100111101110000
00000000000000000101001001010000
00000000000000000101001111010000
00000000000000000100111110100000
00000000000000000101001111110000
00000000000000000101010001010000
00000000000000000100100000110000
00000000000000000100000010110000
00000000000000000011101010010000
00000000000000000011110011110000
00000000000000000100010000000000
00000000000000000100000000000000
00000000000000000011011010010000
00000000000000000011011111100000
00000000000000000011010110110000
00000000000000000011001001010000
00000000000000000010111110110000
00000000000000000010111001000000
00000000000000000011001000000000
00000000000000000011010100010000
00000000000000000011001100110000
00000000000000000011001110100000
00000000000000000011000100100000
00000000000000000010110010110000
00000000000000000010111010100000
00000000000000000010111010110000
00000000000000000010010110000000
00000000000000000010000100000000
00000000000000000001111101110000
00000000000000000010000111010000
00000000000000000010010010110000
00000000000000000001110011010000
00000000000000000001000010110000
00000000000000000001000111000000
00000000000000000001100110000000
00000000000000000001011111110000
00000000000000000001001000000000
00000000000000000001010101000000
00000000000000000001001001100000
00000000000000000000111010110000
00000000000000000000101100010000
00000000000000000000011101010000
00000000000000000000110000100000
00000000000000000000101011010000
11111111111111111111111111010000
00000000000000000000001010010000
00000000000000000000010111110000
00000000000000000000010010010000
00000000000000000000100011000000
00000000000000000000101101010000
00000000000000000000001111010000
00000000000000000000001011110000
00000000000000000000001101010000
00000000000000000000010101100000
00000000000000000000100100100000
00000000000000000000001110100000
11111111111111111111101100100000
11111111111111111111100000010000
11111111111111111111101010000000
11111111111111111111101000100000
11111111111111111111010100000000
11111111111111111111001101100000
11111111111111111111000011000000
11111111111111111110111010010000
11111111111111111110010100100000
11111111111111111101111100000000
11111111111111111110001100000000
11111111111111111110010110100000
11111111111111111110001101100000
11111111111111111110010111100000
11111111111111111110100101010000
11111111111111111110111011110000
11111111111111111111011101010000
11111111111111111111011101010000
11111111111111111111000010110000
11111111111111111110111110010000
11111111111111111110100110100000
11111111111111111110001011110000
11111111111111111101111101010000
11111111111111111101100110000000
11111111111111111101011100000000
11111111111111111101010000100000
11111111111111111100101101100000
11111111111111111100110010000000
11111111111111111100111001010000
11111111111111111100110110110000
11111111111111111100110111100000
11111111111111111100111100110000
11111111111111111101000001010000
11111111111111111100111000000000
11111111111111111100101001010000
11111111111111111100100110000000
11111111111111111100100010000000
11111111111111111100100100100000
11111111111111111100100100100000
11111111111111111100100000000000
11111111111111111100110010010000
11111111111111111100111100000000
11111111111111111100110111100000
11111111111111111100100000010000
11111111111111111011111011100000
11111111111111111011111000110000
11111111111111111011110001110000
11111111111111111011100010100000
11111111111111111011011110010000
11111111111111111011101001100000
11111111111111111011111101100000
11111111111111111100001100010000
11111111111111111100010110000000
11111111111111111100011110010000
11111111111111111100111011010000
11111111111111111100111110110000
11111111111111111100010111110000
11111111111111111100001111010000
11111111111111111100000101010000
11111111111111111011110000110000
11111111111111111011111010110000
11111111111111111011111100000000
11111111111111111011100111100000
11111111111111111011110110000000
11111111111111111100100011110000
11111111111111111100110010000000
11111111111111111100111010010000
11111111111111111100110110010000
11111111111111111100011101010000
11111111111111111100010101110000
11111111111111111011111100100000
11111111111111111011111010110000
11111111111111111100001000110000
11111111111111111011111100000000
11111111111111111011100010110000
11111111111111111011010010000000
11111111111111111011101011000000
11111111111111111011110001000000
11111111111111111011100000000000
11111111111111111011100011100000
11111111111111111011111001000000
11111111111111111100001101100000
11111111111111111100010100010000
11111111111111111100011001110000
11111111111111111101000110010000
11111111111111111101010110110000
11111111111111111100110001000000
11111111111111111100011110100000
11111111111111111100011111100000
11111111111111111100100100110000
11111111111111111100110111000000
11111111111111111100101000110000
11111111111111111100100100010000
11111111111111111100110111000000
11111111111111111100111101010000
11111111111111111100110010110000
11111111111111111100100110110000
11111111111111111100110111000000
11111111111111111101000101010000
11111111111111111101000001110000
11111111111111111101101001010000
11111111111111111101111111110000
11111111111111111110011101010000
11111111111111111110101111110000
11111111111111111110101011110000
11111111111111111110111110000000
11111111111111111111000000110000
11111111111111111110101110010000
11111111111111111110101010010000
11111111111111111110100110000000
11111111111111111111000110010000
11111111111111111111010101010000
11111111111111111111010110000000
11111111111111111111111001110000
00000000000000000000011100000000
00000000000000000000011101100000
00000000000000000000010011000000
00000000000000000000000011010000
00000000000000000000000110110000
11111111111111111111110111000000
